Send: G29 S0
Recv: Mesh Bed Leveling ON
Recv: 7x7 mesh. Z offset: 0.00000
Recv: Measured points:
Recv:         0        1        2        3        4        5        6
Recv:  0 +0.10000 +0.08500 +0.08100 +0.08000 +0.07200 +0.07100 +0.08400
Recv:  1 -0.03700 -0.02700 +0.04100 +0.10000 +0.13800 +0.14900 +0.15500
Recv:  2 +0.07500 +0.06800 +0.06500 +0.03600 +0.00400 -0.05900 -0.04200
Recv:  3 -0.05800 -0.01400 +0.01100 +0.03700 +0.04200 +0.03500 +0.03600
Recv:  4 +0.10000 +0.10000 +0.06500 +0.03900 -0.03700 -0.09700 -0.19800
Recv:  5 -0.05500 -0.05100 +0.10000 +0.10000 -0.06600 -0.06400 -0.03900
Recv:  6 +0.10000 +0.08100 +0.08600 +0.01800 -0.03000 -0.12800 +0.08600
Recv: 